 21
 5.0e10 
 0.0e00  4.5e10  1.0e04 0.0e00 1.5e10 10 10 10 .03
 0.0e00 -4.5e10 -1.0e04 0.0e00 1.5e10 10 10 10 .03
 4.5e10  0.0e00  0.0e00 1.0e04 1.5e10 10 10 10 .03
 -4.5e10 0.0e00 0.0e00 -1.0e04 1.5e10 10 10 10 .03
 0.0e00  3.5e10  1.0e04 0.0e00 1.5e10 10 10 10 .03
 0.0e00 -3.5e10 -1.0e04 0.0e00 1.5e10 10 10 10 .03
 3.5e10  0.0e00  0.0e00 1.0e04 1.5e10 10 10 10 .03
 -3.5e10 0.0e00 0.0e00 -1.0e04 1.5e10 10 10 10 .03
 0.0e00  5.5e10  1.0e04 0.0e00 1.5e10 10 10 10 .03
 0.0e00 -5.5e10 -1.0e04 0.0e00 1.5e10 10 10 10 .03
 5.5e10  0.0e00  0.0e00 1.0e04 1.5e10 10 10 10 .03
 -5.5e10 0.0e00 0.0e00 -1.0e04 1.5e10 10 10 10 .03
 0.0e00  2.5e10  1.0e04 0.0e00 1.5e10 10 10 10 .03
 0.0e00 -2.5e10 -1.0e04 0.0e00 1.5e10 10 10 10 .03
 2.5e10  0.0e00  0.0e00 1.0e04 1.5e10 10 10 10 .03
 -2.5e10 0.0e00 0.0e00 -1.0e04 1.5e10 10 10 10 .03
 0.0e00  1.5e10  1.0e04 0.0e00 1.5e10 10 10 10 .03
 0.0e00 -1.5e10 -1.0e04 0.0e00 1.5e10 10 10 10 .03
 1.5e10  0.0e00  0.0e00 1.0e04 1.5e10 10 10 10 .03
 -1.5e10 0.0e00 0.0e00 -1.0e04 1.5e10 10 10 10 .03
0.0e00   0.0e10 0.0e00  0.0e00 1.5e20 10 10 10 .03