 25
 1.25e11
0.0e00 0.0e10 0.0e00 0.0e00 10.97e28 10 200 255 .02

0.0e00 5.0e10 0.0e00 0.0e00 10.97e2 30 220 10 .02
0.0e00 -5.0e10 0.0e00 0.0e00 10.97e2 100 200 10 .02 
5.0e10 0.0e10 0.0e00 0.0e00 10.97e2 10 200 100 .02
-5.0e10 0.0e10 0.0e00 0.0e00 10.97e2 110 200 210 .02

5.0e10 5.0e10 0.0e00 0.0e00 10.97e2 130 200 90 .03
5.0e10 -5.0e10 0.0e00 0.0e00 10.97e2 100 20 150 .03 
-5.0e10 5.0e10 0.0e00 0.0e00 10.97e2 46 200 100 .03
-5.0e10 -5.0e10 0.0e00 0.0e00 10.97e2 145 200 99 .03

5.0e10 10.0e10 0.0e00 0.0e00 10.97e2 120 240 210 .035
5.0e10 -10.0e10 0.0e00 0.0e00 10.97e2 130 40 40 .035 
-5.0e10 10.0e10 0.0e00 0.0e00 10.97e2 9 134 231 .035
-5.0e10 -10.0e10 0.0e00 0.0e00 10.97e2 43 234 123 .035

10.0e10 5.0e10 0.0e00 0.0e00 10.97e2 149 200 149 .03
10.0e10 -5.0e10 0.0e00 0.0e00 10.97e2 127 200 210 .03 
-10.0e10 5.0e10 0.0e00 0.0e00 10.97e2 200 1 1 .03
-10.0e10 -5.0e10 0.0e00 0.0e00 10.97e2 1 200 1 .03

0.0e00 4.0e10  -1.0e04 -1.0e04 5.97e24 34 200 78 .025 
 0.0e00 -4.0e10 1.0e04 1.0e04 5.97e24 34 56 200 .025

0.0e00  -2.0e10 1.0e04 1.0e04 5.97e24 200 56 78 .025
 0.0e00 2.0e10  -1.0e04 -1.0e04 5.97e24 34 56 100 .025

0.0e00 -6.0e10  1.0e04 1.0e04 5.97e24 34 56 100 .025
 0.0e00 6.0e10 -1.0e04 -1.0e04 5.97e24 10 10 10 .025

0.0e00 3.0e10 -1.0e04 -1.0e04 5.97e24 10 200 10 .025
0.0e00 -3.0e10 1.0e04 1.0e04 5.97e24 10 200 10 .025
