11
 5.0e10 
 0.0e00 0.0e00 0.0e00 0.0e00 5.0e28 1 1 255 .1
-1.0e10 0.0e00 0.0e00  1.4e04 3.0e26 1 1 255 .03
 1.0e10 0.0e00 0.0e00 -1.4e04 3.0e26 1 1 255 .03
 -3.5e10 0.0e00 0.0e00  1.4e04 3.0e26 1 1 255 .03
 3.5e10 0.0e00 0.0e00 -1.4e04 3.0e26 1 1 255 .03
-2.0e10 0.0e00 0.0e00  1.4e04 3.0e26 1 1 255 .03
 2.0e10 0.0e00 0.0e00 -1.4e04 3.0e26 1 1 255 .03
-2.5e10 0.0e00 0.0e00  1.4e04 3.0e26 1 1 255 .03
 2.5e10 0.0e00 0.0e00 -1.4e04 3.0e26 1 1 255 .03
-3.0e10 0.0e00 0.0e00  1.4e04 3.0e26 1 1 255 .03
 3.0e10 0.0e00 0.0e00 -1.4e04 3.0e26 1 1 255 .03
